71445425676076461970000125826949940355437716348173500344923131009164312499945970415791531728036924398867355340829325289047175862418640620728352308745661742144474086138622863325406956901364537359559968945758894900387902388411481158934946813417703030636985144963401527044606630476078797035041272096150581473339
24738756311247003106794382808620219598813144109903816913458902698314241295880857797963288131504283128124481704444095578754660001467115267770219440489131709085750051948291001911292649506682651006663444129423470603373754283632311621117526620187313111753352094206929945674755865503427706966741741099454634093427
105267898627429340084824117435534112205162958278438053416765223273961343539896131380287098966452113465161655859238382145197368383284355658899756929470494456019219843700705691553627240464667456145469700782263683703976342690351012423789879091477102466987805154790123910476917644814718716714891191409599588356587
136358417367265819054166755801824167090425773226813384798878535601871609721747856839685007439921293889534247232660496265914946646784648951076257012316821550027196952086393698751211561124913339887301692734788418120505998144824754074838143551140674082903554105577738264011364742625684153282905591317846945442321
33197946986438877703110300021354850158064742306222547172780138429024244241239036439057712098754879639997319665778792248470049639718690993858947203743107727758257949407377452496214118475297407716547135512149901266066256755276012512536416137605328388996149679733418323033320802768539485884394046314452035546481
118407510913379337761474073890376221401002182134476928171929123752196639270683209543995212924643576836625063403389081468401572193006758825378810106641783950978341253231849613415490256491172901837023555350285983916154023040849554025454595372210720420411286957808598797869395672883547684168963556354696410755091
4560107476896650179008192216129071539363396944694133660207985813021156365972696614627620392885754414567007051431377119532390702350825887741783507997836314234700209848295947330220664233941388975964652988714042108579316938079785960665195886336888443023563355398612612226975331091164874049096413058290584193753
123253963210088725180617392621547548291429057212516801876959069676340028445401652940016130328991338009096438524296849389817603121186655285858560419702846925645583742971064163420689039481584880499044633176205084942190585886041673419757573383041543243716415833991018645168670271749588115892289843557024474081489
11867390809902072710433687691176155772910321030093623788669926665100677437607789974812253187636541683779556410186100151803128603423740655537296008891394908249414637338829824523840751856772036730269135762153080795383287432572621995076083081175727844507593752246419578570537831887285933789397081253944817030639
173704145329486177575264471304990790022890123005787706205939745463951335331151000770218010590506235704817348835258616303013060647755276482426945981918433414185320470539758532003892383398958380503890679172958242895784403795736360555801346188828485848914153246295578812398869128072288628729109366669741543536207
162916489678430531965718426376726348655757238054990626349781882661469819713806409870900036281133541056370600467806907953589190145039516605991002475609320536708208009483259071355820873669044341150969201099166104926036910010341518501085952747275767045709306941392724743106761282609896341145294938590929984046477
71145684109122076396886121288505515714914919164245305737074657371118142094246622981288062079352262108766320086211426609226503787166929369185453567618923286965825321559610418699311420776590042023860411829870896280289739146097763889682365436702804734997865477501098359135252950438548189046403955628394583083059
76023128224893517853861053507856198442555039258076675350567379303645183998727038538978651096488141581918984495455856638624766512247343559220971141493706945010587003511813324373697839997455196850803937849554915501218737530115828862254592855582675610816617752202138618471955423922953490878816622825331890022957
43581303703279945460053352277402474144463055879660852397745264755423296821994406056439714737901107638341176890517825300735380433483797225801437397769211405403528909766031254511671807817166312052847772309652335515770659812798040604309655236592890145151617989660552728365595134220213118883515301241100130974461
164661525605777158025733704779603412403913355374009408358807695414815272669915043333958773420445192568860547032454204576532897765727063480730013972472968964495522754441015871195548710051387596275154026880485201832685597764961420334401326061249983237450881360534674048092995940903805538446005092456773124407649
133630589197256558608200744834849075649507306889595238430870198460800632397533731540356180854374807904566330356112229902354382337874895714609189151617505287002363563324286792079522142630883551767960376678333318959439299580842835884172345680428061610993509724787623703796252473729229578416746407928078540962203
144826798633688997259459373906321820340275755775032554230018216469997082646905046729480207768812183648880356519530124334951220504003081534437119635952914709646195703741884471829680751363317808777648784501000707569615651877007933246108300798427342346665823260368316228585988353094680177762116482536774098485723
167437979379181634915595976843921879689044742082643957602740628875987218844978773615819778148364800349423178534943765419667380010350801134500869616514835315335840210376058430211691142806380260991135355019774555926439557719540405478850763031404487041381107484609700239707023368631313094266673718716150282852883
43097927803951283428482749413734624368070728922972028133724502551085840564582585269420817246549276879558206934236940145263257759018967090174193712409284041341968463961071714381850568916755746775422204457127130190261960859625922411934158352701205446429634900817443237543564999888377101948934297975239398584829
129698560933090267669886614542771933215273516878214854177374249591274201535404621438005995084226605168610068138279895127213651719137095065745407655632699289384421108192967987787506255276332073619504149854739059238834439010049877373572673234121349330074686526349151240905997743045189851719416121664082190828957
109701065653362442878062471047915797883793620105452708907555082244395842669898542444813640133317449090341458492490317441256649296744616220899703755070428879978435124154283925330659554273661122898941917910645716653104743282887415742675690288275468827450182555751479694538564257367678118186863163237301134144967
135723885987371141892022627686262319359104444582763487144098150641003988302093289705785398272133308425434071334208624774037179765232374922698399986505713299684054294643217962130771683956800128454137148961963696988807026448400499554691713903742662176784057703176395750023779552759325660368429611451910009638097
36896056385627979411574197109422696924422181776802428459197172269819245016706566023228601557179685987734855501365843439726543047195544385861838182245183525104927050887685283296920980589078637490174267914582234051685461175331341709144287782434335635485454410515816230346748907498997774048948667302766447421323
94559011308707038442473289629932088971989698192411582303022263490823562905810438696035031247912690210638593279926608297649282525896987665886203957306400975470079540607602738524396695079437978232671010135967545084591488025171305743811922352124464791628716467388834004883521144060718137600257147759401637305777
99514672780719075708892480170205131854493651821305378312876368205041613616998185511136825681696692761713189840278992518330703499853732053561534274751168879603211716149438643490429795768547244487732533824329247977701897838403353981053010849227295434790497639449550604146897483050555662567714307814722495724349
82806279870639655987071092152342693016645494839503444742245350095970994150999157329317037477999752994699199519142869672071566038355169916725724341912299556459244890836565609907433059085964755340938481983166414548748735325213899113888654324839441696043513119117546008693603306710613394431883341536229293838113
11243061063371749461718976081949965085170243498386156640052557310750805710604359667128066532879828301703278183260737312903779822689485619994857109973311683712070127251728235524960431774502569658497109749562293425808992547782797417798727249821450023216963885766612039211111321769055558078290216897762966273103
16231756765982736871031871016986453468253410702235380860938831385227905826610088817379302772396443415006353307823217667259866763971309664846509612486243576624462956432514807434656011310132622950450997121459169777452909502318521977683416472918154306198353089252846463032570260417205438934342345030952105988639
14866864931999235199800731768168516003900874597290260654297727512178477163625208250331910614512028434465931363042707433715569613797970625200776247279111617895100227696116222943537844790749882461159929303311026833962602350361869352328846052282161138453013134904654120383990303001978600961837809336973908954121
5451332618073072441088992709064626546993747407818937672357770497365071024433380853107830677601451695073296051545768813915756027228226827214506862568195209597133949137971530895559194611768747104691481587958699537654675450820598769517139363578194624980711338870634836712183896591610312600310665251854345595413
106128347419342320508059031601584320572865662001574786136099353548112350208466231341970293677466770013614380370175623510093135307800021155044227582423002742997372311131164623299502764079048580051567621216380358716247914386779878121826321111762446988450254663185209506747419225769064114873109540888812242861423
36336355543666850588743161348003469981362736195588436609023431216568149016885764139116126467050887447290259570898714217789004613393643597583781057313562499702953671544221132130259500906020651402504091444037130626851115588807050866310414579747901145661817847391216479968012333583785182953623937692093433109799
53891748307187657663485641212291187340547527661611256143319612723250187386561286388830015335579016554131101009702171785830684929762619820808429330824124613940132485597382096510456987791988501842645469721697354933996020006750984973996694631522931305234304948870490736946946925066450413306660578011463790353467
104458314197972268811717379495995886577702391725480748055638340056656243597961538760540564745755482812600746766436919104168478189192677049874941647428618002249145327821509446618228777785770950993815374430245261523481550372418477096663353906545051370042507118969376106003659581706398147718860541125809544927319
165901682633290303366697521046227863649616593713371784164077484841489612438273908042161222737667260375085537421608939164284662476035634313175670817719268951527237859738997654171291756072131555878702781866787861259756741257788460342423755778937091904188445156160510986667269909228258991140852722865177978368443
174134161024481113394205978330192172922522122239310499541402630557712077438624510487455412116801875243056135167820986114362362862234257884801065443150437388810916722005158101420907230426404829531783031511290031485215518393365805213063387546473779443678349808792836536120830987779150925333715558647478160449707
35517243673550095058210954975320062740160932759774639143298845965797834923574433768356979075440320166974086299936873938453334210403035942129840312899015487878091617850750170176861222237039704849556905147723743657779452473268409071605031263241140606716573515815228108410301259970544679113779605466655334477201
123395313679214612787447975579790953180428092413720131592296735450742757697660058727334861353161263849975840794302026149346707241921567356207787017017677244463013341103599321026280032858156326319774175595518323671595365703969483770978079009687454606139887716121514119278386114017424756781081286087058622692417
151278559607864140182690335255093852857280716564996268219712000775033256121750594104985753377959484389346184855824428546478241401862619448668507227883368963028250888684808663115748216574639346108177480956111860649488308841924480474621921672800010682858783816215156321946558768251728285860872432924130806714027
136258273829240120265856533099710233614005041053845818145221983835102724621880753090895424671106192167165130375812576106200650449830117291139467970329236661123034522610947676452685383282275673798702758784325359046754262727070796032286612005035322065489241487190231157386538135189811871006935596209104345193113
52951293676844876535500648813684394540664657947578201933563054440954509895405886537804221442897065479287213826021313954159647349120509592545948707872763490717470357963953415169557863719399115732245868084214074464951836774823542691855283960109124476223425043830411308134381122151994004773900287172953038848863
9911661017687406775420236906233066526273867214779320453814450062720550688351074410407205966895193122260951490909510725742785077088913490739806418859599956050750209431437942192961727858408570202857827680545089305245809085007514239813947266198174758887138024979322462748641527322231508137292993230953216513589
159993456481928976862277813341632526025322791491248846305374021344124741122085553249644994908971214568735895231578862062774698836125928117740167072984707263821082656233239158258691510064440430126431771511980021805350756299012654782397203874268040589434495100745477409330237897381141054108265876966944287787209
43274701367458927461279416460186865245590444368444273767642984108198758601914452110706428818670879346412609936131154977991381413121297506968441687258944057808783927795252808320134302349736901051776363476454670731164906873173313305200750051434826046382582770575009102427012521240046728654615308364131749471339
139440303596640374240415679729270191407054229236939787479793770835560522710159065643158078167588794427456956911712332320488962772064507213762446247514621160387099582523285838298787586429640978722564877068825150868341153420411576549711873760995561089557613398291421731170431432723335147301470808952338480295317
64468813268579818074382440036353945740820123152008512478889322280635425896849977762134669891564926206834960998080522864722434971359004552053584036964361598566963689256934300634467696828312056814214498262203171397060154652744385007734669619510792830118434720152455862238754345013594830711242457910646262369171
51014406438490323597619799128800705562683857731402285540377948126586848392724662287722271780649124564187194877703766042592339883924826991850138795216527580694308875155670600022942165339734294293808295391225443341063850401194841224428783997108418898945108623675716907076291515495743852340418663371371611966939
86790138598047811639595665773573137837593340625609376789190324869481136629762305929053782770965744431390454495222522903799153922710902450529167503774060743943018402585848834173288234095338096157194010473040685200289963988573560792023637186274567252547142518968313218104555812027069319824033779852800059973849
93329608709588849354255435115734308026911384329114397383567923248841227187836529411906666070470744325715978675294331353145139942316931269363346026673761693825185700212163121474778732685308249509282274159725397370306061976319326434168872841275148943718050287832888118531396865616989213255737681363758087623373
31847880643275279829682277498263310798307744596973285520085390030051176696931770551677373783594108689969463708729964413781757425734076274100914864681457338633345188766258620760542789802370922073179485835642694186744737498695116980574509823155834844937457635723514359995880819301336367539363350040821858611397
54871244602221887829054612427120490957327656051637886971066476876410621774427934514463169333901366548210421853692339766513445946344870819286683323107034488652918599527489485820462161363762509059479961472611966928481417031008678977965984596705030681194418256026973020452901776560097384062456514938569490798617
146782068425461390912469615395783397645780099317322585695561429028352093561133460151783987913239581065194012892349112989616988857434111616582530781168024651359598950123168865180275207422316479676900240407326907240156172388679696526266523489582141487551262332790721380607417375699817607574947362863549315150309
38261869935069356851915885060638742347832115668171149256991670619069863650155202514473967636381142315420904199725694006097369540963768037740428682627058713099151736308827875779431578471481159335827649712622693163729849940861614958441490234966711818039466083866835207064386061949147684578139646540118536286467
64418356754611173226006880913760459594883630808159223190419915359835343577341810460431627351289573176406373891655889474789444044114063307089404957579976162535825753740568218395942514966941659283920462846432824400328319517565270812253630705386040067912678423391187900267743807113315860158883274607775210346497
2473401548449895253138068181389083189761606640375084756450398228961418255746846476880517827205837346216581692264503689849433977914268597838322065167121928250662688459956750234361369767444133870456882854424855161781700859703070417025655818704583698996790992996707941419766712488164413697134854849783038410471
145986023376971452119410493161717970600025536522849571876115525684490431862235340356720257246474098282952260034927112444726737545571991360488942431978416671357497337671552468285564469223638914700578332038081073326505350951117372865822181709038920738425975040975442248054170718221940294951741552514651424598283
83011262380952451562147542010849252797316928840517037343617964079694575458370806068033384577117014838318452806947960315971540129823426366873084670555804306019284074645861063351131587748964536657227696625195585407272129112267610067414707732063528989889550094862201643079273501660715693473489383690273594959213
80015746063273622871589864820500804343254980782934547358140228347514923838981502109248043474045006035371278243768954064132759503948257145136553336522217681144627298868062614780051626095375700225797471212118242322027493581769757070280150485839537462385044817173653086414625511255008365508836391759677690046431
101246786116301854177668141382609383226279855023061656582686610553488501738108252995527698861016719279441610148919764079611944850881801630831559267073103925748172746664408250790988635799443511389704388237874665546086483150726030628560019076465448329417982910125902526398877761142423577469381402396773724502111
89367484454643890360343003190642533609384981847047455736105542074556520949382947466149174396205030112547845140926058187247621897287202514541179594531078988148744193685079978542354238177345093251242527906436841191039079030395744280820972334695087949341427425148787328547942862604889298564034779498808176465209
60320112657826024529948610711638675951524988640023103022341244892909310224574580647829707549700110718723082088604342701082098282434468357090781379332279819217077648441855182082857382157459353153864564533802753320266938966283043244604940837778892779779089102938461486674505935356317761453774112361404993496109
55563418613624815493100008490674187225560694227541160433278253827943732957703067767180663653745655093180806346514242571104627771748856821328471112388550070856159543676003826480416071156569323007832372143175416561271698061460988059262311431992655616969463279200559064841648099479952525184686269933069099727943
53016573564709306187714213354106250834360389890337349733507145210091694489574715573951684536482470817524564247249599801542124406886120885845299975426978000483883207511223716680315232684624247434535208281641101896273288240106333527286898792894343378084318030383332159562258185997110034080977700677600122687773
153912923955396454217912266489273925644723917552808489505963182794758362071123722370302820634834956279038125831615500726736106340724296029159361921922011623055342112512078281413142897093212588518261130195477133590501263107020048094179005042594098192435166219716991870246205870815359670747943706806673521371007
129193593926402779607118996919505790150197214477897263120966832021433378501917144133125703789244710238642702275651411629748741133849926504213927196731627134272744587882774338233186657738966853947343128007560252157523214251305980534893558360279996711680484483508353929580244193120954694662423618700078849905371
87870766841368542140752288448757572832973969666894427682255176222380191622780681111914370413283854460448320766242504198777951249135605217228745591002003564132621746178603145319564560241293052362588620963724229730402721172257568118812647283570651988957016520043973753214338328316591629086243998266568483065401
88554265156728008523211844141104435969820375323618808455736516806830890738938926547026439991435740969284437072758174471218186738307850623945659297727244913725889885752606205684091772112239858877953075807902728645286898401287773725763100039488467469876156115800517351253074270211894419198425984039607478657153
90413215663485990926893593403146884691876823431852664755060308784314033419185516330526775674200824850934887958986289112423153301491024783592014806656557533972834330266002383763347057490069928536428544828615341632698368807439283533409809442168475422093515583069500378175356367986627073816673189192324999443601
54426907076940524007331176084658568844671882805789383297372131005605038157740795546346447020693664416778748462686559706982231219338720306744785986358313553117465528686009566326226645829436269704199262730153018499711302374255221173526198654613768304789693030810704316152220001897316380061791612780280385278393
110829987779879640038922475687615341501617880396786145635701985604752077128553310162102368660901696321069778281070284759084598864989601138241087155492148797721460924326431029374409875677446725056602072163120314510713395141113745242791412573166402422187988472352819943838526374015554352950965213016694281361457
22736387790161189800263710200720524349521629591048265398355116234660549236945675254016153196037072393917043945925646619071186414786474967504095510481198520735961992099548501131925449168134344386634118087767335344623775182129098763211522362146080130492007093300706559091666994193012925391746960153654838379057
26579692926790525006494818533011148430860666418859193167781049743400293396278683266075673884885161101075860091011574581605684359532930261195244614046438637301508795789704570132495600150828643212106481718040156950455032540457216495515912595213336002737916884469217397049610227170891671131084413752117752838731
16052439469409606081878228516617035331065314006510434160819020297838893028520635849079768186768093304172834241916475182720897794679454571541423054480254017458357367467811188324704531830798549260954282809992954145915587888004096619335875901290740220024297095149043773766376327459541456855759240885342798341027
155877002495599938663998207569625069613615653831934793420993748910865545179039569564955966540813138335392935560603655439893828481132368302941387945581228937793310529142433402072160485762530224142334324093615149955720131809070840066670919006176933375882806163174789814279109373216090288304976125704465739998701
91120779198938371609971446407619578387220340395863391947315715382174002996978784821507112056834452880176717380706721144999589622796582276480293440440447501556960643176527992906327132837351217482626513799134072323620064286513198808930852813393980510325922547767342019169943493259051377797545547358894969338587
13861794069911043815256459769055428016898291013678086883677396511209862337349462394414524717790678290278412982847977486703632483949402036718324588836081535527467085964992420656860778969581080521405386833804544434217577674912201639902866616681521655862877583073861155129626028237246876915686367997402201385891
150688319322879146813464522632484153553988037019503451482005943621960122186098427390792918693785514997585436969241207272248669364491709518411352894641914788663028162298474134177445076256353609360612762157241129656956071338249416733082883500090357911201861268638968226211701181179901177972540810769281732219
148021357689164128388997729684055209241113327353250011941562847764957456988941966088883283587958075017178464165925221619385406767534288033475496130692277854009093458224900734504022063820694053538068216920245646886723055349938139514287978296726825654874059880287857017683605594399234312130273262305970593990167
13405568060767947091063449558162428443548573785591936309663997975923144333576883418967149650330800518215046454759957236668700977020166048085483805154641752231822413115711275454293269646300033565296756726090529376041093897036503479771232515989823434574638576205137333970238223298489840143812943129886296068041
41297426536823468705239009531213802560767577777734826929232289502833286839807690011171101383275954545448141296831711677412018739972863884513382047393254924832638690301187061404886578712692971133286039978129302764519769107056753932191977329962801964381780105698864173170372440050480340812809079910459563887769
179556044261334426122550977247836733028923799993235494587850219608518697351660996268056273819037871196971388514626564176441149640848876529662659886679336284928080079582141128558187210488669468140517339686152798172866907500381574764691431969284561692889800142576235761457827604027163085224345535861041082207717
178645314242228169042581709802766238151343683848205602220847309153776119246172682402218848532887104126451709654117118388827663715887365302044603086435651009072550806645563986025220586320750260813529619656635356871428698426788114265853762350240567831003868460101781831503612779358847761376265921641489527249077
60876922412949508180858026526005485592901410903394480907526164156077474106277670598769503196599369173681641406678956764567806152050978357782613874520512532532016964451602674558829360581805844028095295401642809684364889723011427500720337717890869722235700325125147574497819791804978882838280418533611659386323
75837188920585768759343085464063948156297708483223126954553840395860084100931627175298255809968089552854688696393597895876684317170828754838090856816114776945243296890925355540902165369809929429247796277556602160661085863745833118334597039762021996091746689774141146266160081097189334947481612579513843800379
104621008088414066186052928822850811768063620043000420347168833460891563143178775384964998037980519113259177650284316231311212060500316773305621370353456631503004401306108438605752223920669442428806418570194066218828526477398565188747093037758149772865789427216178853037624887221949529533317143745936216765671
79441594699597582077343552486806828485471356875935414298202441869090838142346577293916271083033927696048789427573921047217979002912190757547464792222361535560198881070766909684604558629875320807217825166225318249053792798238063145307048588530004747722120725268278914576813203500958485738318616034053515610031
44813221612265818007499879339497081763815227224410171381631132783863322600815606263524949576929669796486909913168673742912824870340811365608558512932708315552490145572205507935998641948231866282258899996857991185509368409654085737563090304681815420563091425939026164546402083294931762569455468151460107797893
60663617830375072946389749322965521748402625033614364377708491121294326221235700458205543208017932075532435505111031276642102085124063144969270685585813411537964961066769883318044941816959288526573400479574762538872774821726745868803034931502927762511801204179134517709726309095162357605455040075665824297927
27207676205540762624277613512941433935857629740279521224785156548201919458669133002851396032821251551976277809267840655986399323946767614960680722380941027952295807358201706458484383104099094550947135314837952119624292140603178730675629284615078768129133539011342617929015425446559864298941741977430268986999
17735163395334198803575491340250449754625725477855858443667445401396114215429981410064598525209791655662895647168253329323917642703096107667468458383557257080845214085840285973196981925386187792472807514028590806986546304326943514399397923225985940068041054212366246834353814445292150055990768035571340919081
62380473243000726389758751899996544811435661313513767181497644365330094607369617547853398256749800488548886303611527358375024502065464245300384279322136329133661691886235521599758099687368219068904993964691873224386779924865806427781535110458785626592536861498559866240116963520113934692896468584891027690939
33269054766129672629915183583738105740370456122385504214580126587750730496127394761054396672988278580356337107464115723643315005928425143160068246972980843570962712366477508047253699112474139592112233747129328024225731413366022845088222984820308026834767161416851384501871818536165458463258181174691831731
66542947925640541469405473604217128030596572219846097705000005267801306035900675989197999939545498078377869116051166148879243313580233446885901928246703959900242347120974807319427578601539017011003794831038094665978486069657815374068202058921822870278419784638597314535558256303666353345177419578306848329747
165050014472711100775042763695693581458286923510279206766140661106470738135548289080145031910820938449830572203814240850009213469891695851121008730147121120018616248726285724530639916270162828234742132651181464568906258500481752259948386123557609381673856664153946153187464889722096176509315623195264400025933
106345353768163961595085921701582702196648905085256719478168519357172351055605230658038941218017947201597740551045074215843855165258335138830379649757226176948690712370955359184953558249636779359088785162936595539256376753850108644339951015064740897797922945053238314410330163644678039450949381331322948899883
67600163619255624646349337315411570633895499084915268849021302043288897924917408350080268630207459645478753175238731112146908192336598554723411623675003133910003318443157197992184240758105436888556178807357557188239114955403389231192436658385711697417204067320177444405375176740987509042658506052155152166887
32225048877174390433572203415160723710426494453611483933528715441640181073818517284154130637707874039428876776317615190912114558656106196588874955762962015220240523306609411040860155114705134229175318116751880426485542679499678666253902339230569666816398674203142389923031931252391875231044865418413197990731
18395816471985564975016718742714457163251394975741351794225167178987927540606834518617322277579576219060598197592772462554533570001057171864354664118022396924626535225198692194847524159184479863924945662857356944724092631325574302858959463158887216089311957458215951124774111241916235246562287543583283379099
7457694515630548104494608520202497345545874466743797201872318449435773797319039513078956897651133492131050620711063842388448527621412189382279042325770485008107272258984225044141988149573899804247688814649968207523587075091838449732847821967977696820380660284848887775925579942610542549824637434684392863319
88458701901348067720196887080967824036678065203411789830939961846508618077227636381087225412083451158834586199007234394801813184832850538033806786522236682043819679105936355262372338870078362449255437348055571155608268845368128269943636679912917633083973618292680416529494256527043591810048978113820289606599
