492531574438836757310079586781
927929276957599877260587464503
185316562197994639947171437599
1133093705297702824199729906741
1235515610506648990802986302307
431779148774907847629186849877
1076486120069393397781639516733
397411108619098853996906069173
718916231741178722155125004079
685119763678366695664611013957
401810703436908217489751921687
755537992087054825761193719377
503845027553286151791184795661
57834909226524860148803329697
403828182150953033126617727647
141419345789176734484125505379
275153623808995626192881175827
276129224343670578177370779107
869724766520410884317925324233
938660200632186413857571879813
714601577487951736487546833493
1209149814203141332719073085611
985436533771304077110421279273
1207068792821501450697210403793
831457020839157050277686189567
1251011711627981367794731416403
1055841861339388785530166930133
261090418841878184293384642081
311846551704622487326661043847
68595041498240991927420891359
1106901290431655993751162344833
146819813986952259253492635311
1007849909353035091197554822537
758996423952888694999875278303
475852915628862806249808847313
247345624184671274668559612443
1202679368201233393936704632753
127565110667419892962713107437
692572527569857366103562873361
291619108350001361569458129379
1020916831564836828281269631317
892086443415290575558179001889
547445349251327416913831125811
73194047312439728829930746539
181269495226951693525988873113
1093251679259824980567438749497
399648784552955043964640090251
1019209648816933724472819665563
847888941444468007888618156747
1097559423458652912860200742219
349766434805210902661740389731
1242123810517609308601810242337
158500854986881983044308215193
1161279482829389726592230478889
162786774087118850289276070579
763235027461968568073385411349
186322344497349334614159826267
616804755407500373564239240139
203299999834995913899510606581
491554005802383366881593574407
1190393226881634603891259038097
957863728568373515720559537911
689993525019804314182852111493
461366367598052953247562409979
1246955780067501880591730801513
305214194974611924064791607601
1212877117894227414667437944863
200245780974753452987480514977
654481858431230122676473878373
1102604248373977633064721076601
975980157866072821284328405351
24389945922193280962542008789
5757819519372365066137042693
60069065490607472563146968207
126888004275513359684011178659
209085200931629305748277967883
335797857839654983296486970747
952011663319429844951083894541
120116903577586723941134352287
1081134211992651348495279783353
625219309437616206645853376507
1212928194181632547344018722207
1141378633229089517875733095229
961890048192003636461383869823
163532449776259751188298165213
815027051998240631288855577427
708866714515729369575677701003
1039433031516685237968605502619
333807803731800568949056151681
1149209853215288148602544778939
553666704031152275833098205307
781408007190072114801021338077
455853550106806412644409829271
262489891665591766825265330611
25981794009695393453263792709
772237530286519460123995610621
852725590368697921866573403211
1258837018880998280097616875221
1080217039083865541368920791741
255754090828532314983029083553
